3149 2881 584 2226 911 570 1222 443 2353 2520 4412 1769 2206 3541 2038 2356 3203 4419 3876 597 1990 1935 4604 4361 444 2289 3896 2868 2826 2021 3455 3902 4028 4220 2714 2807 3137
1096 3811 1675 1555 4085 408 4190 2036 3141 1042 2346 1836 1501 3647 2625 3609 1731 3713 913 2102 1169 757 2055 515 3453 1887 3141 2964 2634 2867 600 1583 943 2620 4024 47 2964
2500 4520 424 1906 2496 3993 622 3690 1172 3013 1839 617 2634 3082 2625 4560 2528 3744 2714 3222 2055 61 4584 3349 2195 1638 3150 510 4536 944 889 3966 2807 3455 3731 1405 205
3827 2807 3086 104 2492 4679 784 4151 553 1105 3349 3454 2055 3485 3137 2021 1577 1024 2569 3899 2829 4221 985 676 1922 2964 3740 985 2554 227 1775 3411 2124 1848 3014 2488 2488
4213 1953 2268 4015 2768 566 3926 2528 1949 1505 1973 467 4261 3498 1731 1188 2828 3069 1653 4411 3391 2178 3478 4060 3750 3590 143 4037 36 2055 2127 4220 2479 331 1911 2964 882
2055 4549 3785 4183 779 3617 248 3742 2039 3222 3222 757 3070 275 423 2356 2016 57 2266 2714 1743 1236 2625 2864 2348 1023 2043 1053 1772 2639 308 3375 1229 941 3492 4591 3731
2877 1876 719 4439 2055 2529 423 614 760 4564 2132 4332 1973 1339 2625 1206 873 4560 1583 619 3427 1188 1731 2016 1451 2377 774 600 2964 1775 1731 1731 3731 678 2499 738 3731
2982 2397 2150 4291 3749 351 4462 1805 2198 3694 561 2545 3646 26 2554 1736 3185 3498 1731 3090 1458 2370 2639 1716 1736 4053 2964 2346 2117 2174 3879 2964 2964 667 941 676 3843
3904 1317 2118 1126 4131 225 3989 390 4160 2077 601 1903 4560 831 3727 191 2050 460 130 4221 3709 1475 4253 3138 927 1777 4418 809 2348 3731 192 3966 306 1939 2659 3717 2625
1843 2976 2611 4154 416 1157 4321 2625 2238 3293 4287 2127 3040 36 2239 1736 3646 3880 4416 2938 119 1607 3375 1476 4317 21 2055 233 1870 1399 2867 2964 1148 1775 3605 2225 158
281 1766 4033 2195 4162 4655 2239 4341 2171 609 920 2625 119 1012 2625 56 1964 2249 3561 1628 985 1023 3956 2964 1536 519 1258 2501 4152 1731 461 3647 3052 1973 1451 1775 2501
3447 103 2460 4016 4168 4256 3636 48 2523 694 1017 1558 3375 2639 3373 4158 1543 4623 1555 676 3014 3899 1211 3622 48 2841 163 1964 3896 4229 1127 1527 4334 1628 2714 676 99
4444 586 4505 61 2178 3751 2919 2590 2099 1857 1722 4020 738 840 138 1492 758 1800 3453 3948 3844 1887 3896 2220 1987 141 3660 2348 2055 1120 2055 4158 1736 1733 515 516 1233
1082 1724 611 122 4449 360 4055 36 4607 1451 3777 2474 2384 4417 1527 2625 736 1075 738 784 1487 2901 770 1848 205 3349 505 1122 3899 3305 2714 1731 3931 4143 676 3604 2536
4242 576 1044 2259 3930 2969 570 485 4670 1661 4192 2625 4610 2425 219 3899 4030 1813 4192 3453 2554 676 736 224 2523 2938 3514 1229 1192 1476 1406 1236 3000 2479 1306 2055 1188
3671 848 2261 1597 439 264 730 120 957 2105 3940 3498 3454 2365 4162 3052 2310 676 2377 93 4311 1731 600 3827 2964 4270 337 1939 1616 3919 3807 3064 2488 2112 2495 1029 3750
85 4032 3171 4172 3904 485 1595 2462 2353 3780 2465 2388 3186 4073 915 3744 84 2127 1320 1451 2353 3098 1451 2964 4024 4261 1300 2964 48 1192 1555 2964 3668 1101 2110 4615 598
3450 3931 56 1064 1788 4038 2055 388 2590 2104 2124 570 726 2639 3303 676 2255 3466 39 2104 2078 1913 1731 3893 410 1964 2039 2225 2528 3295 2388 4151 47 48 1577 3896 4394
1910 3619 2390 3150 736 2960 4301 736 3389 935 2355 3497 3645 532 4189 504 2574 1731 1736 2495 1451 1731 1188 3232 1451 676 738 1716 3940 440 1118 460 2625 1519 1209 1584 2055
2820 1297 1277 4247 861 1619 3926 1132 3399 911 119 3660 3666 2021 605 2639 3887 3744 4447 3128 2688 1310 2762 891 245 4196 3839 1731 2964 3105 3194 1948 2890 4419 3896 1200 551
3141 522 68 4230 2946 3648 2798 38 379 280 150 2200 882 4180 2077 1258 4154 4284 4195 3461 4135 3764 1053 4337 2625 3418 1571 3646 2055 1845 170 1964 1964 2634 3896 443 2641
994 156 2676 3621 3718 3999 3413 4591 697 685 1716 1222 1789 2348 3646 3611 109 1053 3977 2634 1996 3646 3668 280 3754 901 3440 279 32 4229 3731 1148 3032 887 161 676 4419
3830 1696 4147 4176 4557 3486 2078 2819 4143 39 2625 2625 738 831 4219 995 3731 2348 3896 3541 227 726 1169 1428 977 2539 3896 3348 704 2839 2487 1262 2416 185 3896 4221 3221
3218 2465 546 1740 1168 4349 1291 4147 2971 3132 1125 423 2578 1224 3837 873 4160 2348 4573 1374 3407 1236 488 3636 2948 1731 4123 2282 236 2958 3221 109 2807 1023 3150 2249 3150
1799 2977 2139 2315 2277 1645 1615 4158 440 1542 2658 1254 3792 952 1165 4020 920 448 1601 4198 2055 2305 1736 1812 2714 4304 1209 3764 2055 2428 119 535 1830 4573 1047 4158 4240
3052 1988 27 3896 3283 2285 4641 632 448 458 4024 3351 800 3161 2070 423 3899 4280 1884 2556 4131 2055 1736 4103 1527 613 1214 2156 2964 1845 1601 918 2964 941 2246 119 3547
1862 3514 4010 4253 2479 3171 1519 4270 3318 2203 692 4091 1697 2292 1708 4225 211 39 1249 2077 2208 2304 736 2416 784 658 1878 2377 1236 2556 4373 3655 4325 3374 1758 4653 460
2278 181 4104 4298 4254 542 800 126 48 750 2050 4253 1731 1548 873 3349 1724 4610 4641 3727 1415 1492 1758 2639 2555 3899 4604 1956 859 253 1350 3374 3389 1188 3487 1324 2624
2189 4418 1587 4445 4571 3093 2727 3731 2554 2539 898 2807 1716 729 1393 4557 2554 454 3744 3773 2638 2740 1451 36 1451 1306 738 941 3398 2714 2964 119 2273 1987 1451 1616 3780
1378 1113 512 3163 3294 1578 3512 3881 1607 569 225 2814 2554 36 3541 2554 4560 3520 901 2814 3919 885 3899 3264 2 667 455 2964 119 1229 2377 738 1519 207 1731 2188 897
4319 3931 592 114 328 1105 919 3043 1611 809 2743 1907 2888 4175 2353 3825 296 1865 2815 480 2620 2714 4361 1306 3759 676 280 1918 4375 366 676 2285 3896 1206 3059 1964 3896
3676 1085 1961 3135 1441 440 3411 4560 145 2736 893 4438 1148 1527 4221 973 651 680 589 2554 2714 3715 3498 437 1666 1843 2807 561 3731 3492 48 2141 4139 1782 39 3 4419
2955 3972 549 2506 3930 4489 2356 1524 756 3278 2077 1735 1998 2104 3686 725 3646 211 4217 4135 109 2377 3646 873 1451 814 3951 2639 2964 4307 692 1451 1774 2099 941 1451 600
1702 3674 632 4546 2994 4325 3752 1063 4501 1789 1565 458 4336 4175 48 1736 231 1736 1956 1519 1731 3970 93 1582 4221 1731 3573 3715 4419 3896 3150 1964 1731 79 3349 2031 4419
2530 3032 700 1578 2943 1065 1270 119 2786 4646 2658 3203 1666 1451 3150 4662 2708 1716 2841 2388 2816 140 2714 3486 1601 2964 1526 3896 4146 1332 2377 512 4028 2625 2416 2620 4131
2629 1856 231 2301 882 2295 2353 209 2143 736 2774 2492 2225 1377 1306 1451 2528 191 3668 1250 4219 935 941 895 3738 1736 1555 4399 3966 410 1584 2353 2997 4597 119 1123 2620
4519 4087 4134 1352 1883 1746 2725 2220 2200 3668 3652 719 2871 2077 1068 2625 436 439 1990 252 2479 297 3175 1441 4154 920 3996 3688 3946 1631 2708 3602 676 2153 1540 757 3214
124 346 3738 1534 1988 4625 1384 3785 4175 4620 2625 465 2548 607 3383 492 1072 3669 2462 3411 253 2353 3222 667 3466 1024 1964 2986 4536 2055 2036 4158 2416 2416 4024 2205 676
4434 1373 1136 4503 3382 2952 1571 4338 1281 1724 1877 326 102 1024 2973 2620 1638 1576 1716 2522 1731 2055 999 3966 2016 676 980 4179 312 2634 1132 454 2693 125 646 2055 3150
1683 2587 1949 2492 1310 1548 1558 2474 179 1671 3203 1782 3105 3028 1813 1527 1536 1206 3731 1973 2377 1601 423 2428 2826 1731 1736 2055 1743 3750 4109 4229 1985 3221 2487 3221 3389
1962 489 3934 4363 3070 2864 736 1127 2200 230 2353 4407 566 1560 2185 2425 2714 736 2037 3453 3467 467 224 3696 2964 1069 2639 3105 3977 2199 4541 529 2005 3697 2634 2021 2964
1 4492 3426 64 2796 2482 3345 911 4185 2185 4399 1758 3391 2812 1736 3440 1543 1196 2828 3128 2203 1772 600 2625 3896 4407 1192 192 600 2536 1012 2199 3374 600 3896 4223 158
671 1586 11 2075 2951 1576 3070 3064 1405 2312 3750 3792 3838 1831 2077 2625 4185 784 1559 2353 512 2522 600 2390 4407 1249 1736 1332 1184 3731 1300 2261 1369 3740 3896 2714 4028
2897 2849 1352 1182 4428 1062 2789 2266 3661 2153 600 3940 589 3780 3777 1939 4558 1049 676 600 3 423 2474 2807 48 2055 4407 1731 26 1731 2517 3466 1537 681 119 1415 922
1850 4455 2440 1125 1723 3454 1708 1663 2244 2479 351 3727 1112 47 2200 2318 1724 193 123 3121 1802 3316 3389 3059 440 2625 3896 4537 1059 2964 2736 3000 3899 435 4325 3219 3225
1263 2131 3311 2668 4461 2625 1653 4357 3968 684 4327 1519 4046 217 3744 3427 47 1332 3583 3646 4048 158 4158 2639 4611 2661 3646 3731 1731 1964 566 2634 2164 2964 1258 3905 2533
3645 3222 1555 754 3779 923 3149 2808 2118 512 1657 1138 3411 39 738 1530 987 1519 3792 109 4102 2487 736 73 1332 3378 3930 1733 2556 2199 4221 1577 3064 2934 570 3896 3404
1583 1713 2317 343 2127 966 998 4317 1053 227 3490 378 4109 4537 1148 206 546 109 2538 1952 684 1723 1939 4281 191 4064 3561 2302 296 2608 3896 1064 2964 2964 4028 2964 3052
1032 1357 3725 2425 2981 270 1663 383 410 109 2625 39 3497 1956 224 3052 2973 800 127 3767 2625 3377 1990 47 4229 91 1394 1092 3325 4452 3966 454 1731 3966 211 535 4419
1572 1243 1492 374 2546 2532 1956 2077 3017 680 1875 4560 3645 1313 2807 2714 1505 3026 2492 1731 1445 56 535 4015 1731 2353 1745 676 2060 2055 492 4053 1536 1731 192 1775 3490
1229 3173 1181 1534 1306 2789 377 2577 3303 614 4455 2791 3175 1752 1190 2566 3232 1051 572 2625 3646 4139 2377 2964 3899 1148 1016 2816 2572 2625 3966 2625 1451 649 3084 3731 601
4646 2374 328 3156 140 4048 3977 2857 1052 3379 1714 3787 410 2174 2634 4175 148 3375 3411 1310 1611 3222 3905 4158 1964 1736 1987 1845 3028 3087 676 4283 2625 463 440 738 3951
1676 3013 2146 2608 4227 3731 1590 2178 1110 2488 895 4131 1684 3964 1183 4145 3727 3314 1876 4154 3896 2554 2964 1087 4419 952 3647 3896 2964 4109 2348 2273 1684 1964 2055 1364 312
3004 1917 3243 2496 757 1024 3727 3497 3391 207 281 1370 4437 2308 312 3898 126 2522 512 395 1731 3418 3418 2386 2388 1415 3886 2964 589 2060 3715 1536 3715 1584 3212 2055 1068
202 1410 2114 2059 784 1150 2714 3940 1051 2328 3017 512 510 1303 443 920 535 4407 1288 3200 2425 4094 922 2964 2717 3688 4380 2399 3694 3372 3105 2625 3059 2620 281 2590 2997
1872 480 1534 2934 4126 314 3533 2740 3103 2484 1531 676 625 249 2744 1224 2625 676 1547 3919 1258 3646 840 1451 2964 1655 2625 625 3792 3896 3400 4094 4498 1015 3489 59 112
3555 39 4144 4310 2187 3553 1696 967 1724 1782 217 589 2953 3787 600 591 3755 1030 1332 172 809 4076 4417 1536 985 2554 3966 3105 4028 600 262 1148 4419 1964 1731 3150 3896
4418 2688 3478 4153 755 4554 1973 3026 2494 3807 2625 2138 3075 437 3966 684 1015 2545 155 1224 4573 4325 1731 3814 39 1684 3466 3896 1310 2225 2151 1031 2377 2349 1254 3395 2479
3097 2819 1184 186 3403 2021 1843 2739 611 1731 1527 2621 1494 2625 4108 2474 2639 2068 3105 2556 2520 2997 3354 2625 1731 1868 4154 39 2477 555 2348 2127 2625 3896 1870 3212 2986
2306 1856 1241 1395 1127 4247 2782 1555 1066 3070 211 36 1519 3774 3774 4325 4229 1527 39 2802 1979 4463 2416 3968 1772 3731 1494 4229 3646 83 47 109 1518 4179 3731 3931 3780
1394 3896 1776 4284 4632 2075 2851 4040 3339 1230 2292 3075 2545 2714 2572 1816 3977 3716 3498 191 1062 3817 246 1804 1069 410 2377 2717 4220 3805 410 3896 3105 3295 2055 3879 2964
1268 2191 2955 780 2468 3413 4473 4566 3750 4253 4412 3432 1209 4501 2559 200 2556 882 2726 2556 36 2353 4361 3150 3647 2225 4131 3943 4552 2964 2353 2634 512 4361 4220 3221 3150
3518 1711 2592 3587 3028 2386 3609 2921 1883 277 290 151 2625 3400 39 4399 4124 1731 99 1128 1948 2921 2902 1161 1023 312 2964 4137 2634 4158 2864 3646 2964 1024 79 2526 1474
355 576 2171 458 3103 4423 1310 3731 4428 2068 191 3373 3861 4154 3374 4411 882 3216 384 1519 3375 93 4020 4576 2556 2639 1184 1291 454 3695 1476 3400 953 2055 1277 2055 1389
